-0.005324638599759246
-0.0007809047546713485
-0.0008361954486529917
-0.0008927083097033567
-0.000950377528674579
-0.0010091447299358691
-0.0010688519323586974
-0.0011293966530495257
-0.0011907269037339258
-0.0012526820183416888
-0.0013151655139437173
-0.0013781287270262185
-0.001441378729175396
-0.0015048564318085771
-0.001568322554585478
-0.0016316340509938314
-0.0016946858188951607
-0.0017573064288134656
-0.001819344113710506
-0.0018805677237895327
-0.0019407431270657464
-0.001999727533777629
-0.0020573414633743713
-0.002113386669036893
-0.002167667658382813
-0.0022200075207094885
-0.002270184972361149
-0.0023183300924748936
-0.0023638276626174568
-0.0024069703358938935
-0.00244728694875186
-0.0024847507547885836
-0.002519396600593122
-0.0025508336484143346
-0.0025789054847443257
-0.0026036832556769482
-0.002624878352396092
-0.002642248161272957
-0.0026557921981469556
-0.0026650422423098855
-0.0026702357063597463
-0.002671000069645392
-0.002667296635648782
-0.0026590683160632213
-0.00264632784007792
-0.0026291230015271705
-0.0026074545429688595
-0.0025812597373660764
-0.0025505434246009375
-0.0025152870075173827
-0.0024753973064202983
-0.0024307544110906357
-0.002381145672505891
-0.002326434104582402
-0.002266703803194635
-0.0022020504299345967
-0.002132942602188532
-0.0020597823045349025
-0.001982997377540931
-0.0019027445459704456
-0.001818495069972444
-0.0017292210888637382
-0.0016339585092581303
-0.0015332489830348313
-0.0014315629289495424
-0.0013363773326323229
-0.001220933504476992
-0.0011130389297355325
-0.0009996609799927747
-0.0008839953417984245
-0.0007661318786462209
-0.0006462568606990276
-0.0005246437006413431
-0.00040158431556177015
-0.0002772707220492312
-0.00015199200390292946
-0.000026083565469577264
0.00010018973510533057
0.00022643399644056158
0.00035244115670096193
0.00047789896119271796
0.0006024562590158004
0.0007257959266906026
0.0008475344375593121
0.0009673809417715883
0.0010850326491359328
0.0012001114009596206
0.0013122963350139657
0.0014212787095798402
0.0015267755942377174
0.0016285114063888941
0.0017262400689573923
0.0018193406286014873
0.00190808894514865
0.0019915004696403563
0.002069870221976685
0.0021426579637222666
0.002209387530265377
0.002270144101405093
0.002324709386392187
0.002372655778540381
0.0024139071416972
0.0024483475927729727
0.0024757431716685434
0.0024961302252923434
0.0025089846888454886
0.0025143997497127646
0.0025121961402421755
0.002502301613916478
0.0024846118139432334
0.002459039190180321
0.0024256333803670646
0.002384552113507193
0.00233587940071173
0.0022796531999394742
0.0022158439715775223
0.0021443790419966432
0.0020653085004963987
0.001978761851814601
0.0018849295687930932
0.0017842913942196974
0.001677092812828129
0.0015636680341159835
0.0014439607196576197
0.0013177958625623036
0.0011853967169869746
0.0010475043285755605
0.0009052604745297988
0.0007591263055816966
0.0006076287741764079
0.00044999081722707675
0.0002929687207923498
0.00012954526803409002
-0.00003526114468998108
-0.0002026252526557943
-0.00037178071542753996
-0.0005422322761998241
-0.0007135438639134017
-0.0008852438982313713
-0.0010567354746145944
-0.0012274823879755386
-0.0013969482156297509
-0.0015645723180658822
-0.0017299069358620715
-0.001892326284237362
-0.0020513006315241843
-0.0022063065861238707
-0.002356780401905041
-0.0025022287074887247
-0.0026420337266929383
-0.0027756125853509914
-0.0029024544851390453
-0.0030220127213985174
-0.003133777740331645
-0.003237222164438689
-0.0033318224691291517
-0.0034170670706375854
-0.003492833351897648
-0.003557952805348164
-0.0036129887140343374
-0.0036564805711979858
-0.003688538815237945
-0.0037089794463662355
-0.00371698284209214
-0.0037122301410597736
-0.003694678813277622
-0.0036639856009115716
-0.0036198412629106108
-0.0035620047915751376
-0.0034901689327957075
-0.00340448944591367
-0.0033045676070384087
-0.003190269106559491
-0.0030613890544040974
-0.0029179036131708855
-0.002759937263623384
-0.0025875771779526728
-0.0024008413846363873
-0.0021997627232060997
-0.0019843476485119395
-0.001754680180807169
-0.001510949902102365
-0.0012533874747118335
-0.0009823435368786831
-0.0006982360696820409
-0.00040122037763834327
-0.00009162669207737044
0.00023049453202055178
0.0005646357688018496
0.0009100628788151771
0.0012661574188125458
0.0016325567041000231
0.002009284024844883
0.0023959275657600425
0.0027908963012304817
0.0031934470845804094
0.0036053652955769754
0.004022662238399722
0.004447118109744651
0.0048769161565033374
0.005311719347443555
0.005750826313822196
0.006193456829874854
0.006638828008430855
0.00708622233750102
0.007534850501348604
0.007983938344322997
0.008432695717179644
0.00888024693071114
0.009325881954656183
0.009768798277677918
0.010208201259743619
0.010643317331560546
0.0110732826537915
0.0114973752733283
0.011914815209988742
0.012324785644196149
0.012726521305747526
0.013119231810156739
0.013502205086608316
0.013874769368554364
0.014236247263361385
0.014585612019419174
0.014923094542177615
0.015246533658662624
0.015557089944668959
0.015853053022739757
0.016133687207729
0.016399080537015494
0.016648652486905093
0.01688158614348172
0.01709747421996195
0.017296039776222343
0.01747704290016655
0.017640166134790816
0.0177847043315689
0.017910473747522745
0.018017179726816556
0.01810478866036418
0.018173201919613604
0.018222225951437132
0.018251712929531625
0.018261562639798362
0.018251712929531625
0.018222225951437132
0.018173201919613604
0.01810478866036418
0.018017179726816556
0.017910473747522745
0.0177847043315689
0.017640166134790816
0.01747704290016655
0.017296039776222343
0.01709747421996195
0.01688158614348172
0.016648652486905093
0.016399080537015494
0.016133687207729
0.015853053022739757
0.015557089944668959
0.015246533658662624
0.014923094542177615
0.014585612019419174
0.014236247263361385
0.013874769368554364
0.013502205086608316
0.013119231810156739
0.012726521305747526
0.012324785644196149
0.011914815209988742
0.0114973752733283
0.0110732826537915
0.010643317331560546
0.010208201259743619
0.009768798277677918
0.009325881954656183
0.00888024693071114
0.008432695717179644
0.007983938344322997
0.007534850501348604
0.00708622233750102
0.006638828008430855
0.006193456829874854
0.005750826313822196
0.005311719347443555
0.0048769161565033374
0.004447118109744651
0.004022662238399722
0.0036053652955769754
0.0031934470845804094
0.0027908963012304817
0.0023959275657600425
0.002009284024844883
0.0016325567041000231
0.0012661574188125458
0.0009100628788151771
0.0005646357688018496
0.00023049453202055178
-0.00009162669207737044
-0.00040122037763834327
-0.0006982360696820409
-0.0009823435368786831
-0.0012533874747118335
-0.001510949902102365
-0.001754680180807169
-0.0019843476485119395
-0.0021997627232060997
-0.0024008413846363873
-0.0025875771779526728
-0.002759937263623384
-0.0029179036131708855
-0.0030613890544040974
-0.003190269106559491
-0.0033045676070384087
-0.00340448944591367
-0.0034901689327957075
-0.0035620047915751376
-0.0036198412629106108
-0.0036639856009115716
-0.003694678813277622
-0.0037122301410597736
-0.00371698284209214
-0.0037089794463662355
-0.003688538815237945
-0.0036564805711979858
-0.0036129887140343374
-0.003557952805348164
-0.003492833351897648
-0.0034170670706375854
-0.0033318224691291517
-0.003237222164438689
-0.003133777740331645
-0.0030220127213985174
-0.0029024544851390453
-0.0027756125853509914
-0.0026420337266929383
-0.0025022287074887247
-0.002356780401905041
-0.0022063065861238707
-0.0020513006315241843
-0.001892326284237362
-0.0017299069358620715
-0.0015645723180658822
-0.0013969482156297509
-0.0012274823879755386
-0.0010567354746145944
-0.0008852438982313713
-0.0007135438639134017
-0.0005422322761998241
-0.00037178071542753996
-0.0002026252526557943
-0.00003526114468998108
0.00012954526803409002
0.0002929687207923498
0.00044999081722707675
0.0006076287741764079
0.0007591263055816966
0.0009052604745297988
0.0010475043285755605
0.0011853967169869746
0.0013177958625623036
0.0014439607196576197
0.0015636680341159835
0.001677092812828129
0.0017842913942196974
0.0018849295687930932
0.001978761851814601
0.0020653085004963987
0.0021443790419966432
0.0022158439715775223
0.0022796531999394742
0.00233587940071173
0.002384552113507193
0.0024256333803670646
0.002459039190180321
0.0024846118139432334
0.002502301613916478
0.0025121961402421755
0.0025143997497127646
0.0025089846888454886
0.0024961302252923434
0.0024757431716685434
0.0024483475927729727
0.0024139071416972
0.002372655778540381
0.002324709386392187
0.002270144101405093
0.002209387530265377
0.0021426579637222666
0.002069870221976685
0.0019915004696403563
0.00190808894514865
0.0018193406286014873
0.0017262400689573923
0.0016285114063888941
0.0015267755942377174
0.0014212787095798402
0.0013122963350139657
0.0012001114009596206
0.0010850326491359328
0.0009673809417715883
0.0008475344375593121
0.0007257959266906026
0.0006024562590158004
0.00047789896119271796
0.00035244115670096193
0.00022643399644056158
0.00010018973510533057
-0.000026083565469577264
-0.00015199200390292946
-0.0002772707220492312
-0.00040158431556177015
-0.0005246437006413431
-0.0006462568606990276
-0.0007661318786462209
-0.0008839953417984245
-0.0009996609799927747
-0.0011130389297355325
-0.001220933504476992
-0.0013363773326323229
-0.0014315629289495424
-0.0015332489830348313
-0.0016339585092581303
-0.0017292210888637382
-0.001818495069972444
-0.0019027445459704456
-0.001982997377540931
-0.0020597823045349025
-0.002132942602188532
-0.0022020504299345967
-0.002266703803194635
-0.002326434104582402
-0.002381145672505891
-0.0024307544110906357
-0.0024753973064202983
-0.0025152870075173827
-0.0025505434246009375
-0.0025812597373660764
-0.0026074545429688595
-0.0026291230015271705
-0.00264632784007792
-0.0026590683160632213
-0.002667296635648782
-0.002671000069645392
-0.0026702357063597463
-0.0026650422423098855
-0.0026557921981469556
-0.002642248161272957
-0.002624878352396092
-0.0026036832556769482
-0.0025789054847443257
-0.0025508336484143346
-0.002519396600593122
-0.0024847507547885836
-0.00244728694875186
-0.0024069703358938935
-0.0023638276626174568
-0.0023183300924748936
-0.002270184972361149
-0.0022200075207094885
-0.002167667658382813
-0.002113386669036893
-0.0020573414633743713
-0.001999727533777629
-0.0019407431270657464
-0.0018805677237895327
-0.001819344113710506
-0.0017573064288134656
-0.0016946858188951607
-0.0016316340509938314
-0.001568322554585478
-0.0015048564318085771
-0.001441378729175396
-0.0013781287270262185
-0.0013151655139437173
-0.0012526820183416888
-0.0011907269037339258
-0.0011293966530495257
-0.0010688519323586974
-0.0010091447299358691
-0.000950377528674579
-0.0008927083097033567
-0.0008361954486529917
-0.0007809047546713485
-0.005324638599759246
