0.00508348800911218
0.0001909268200462022
0.00019408990758198894
0.00019700526756850467
0.0001996567835180949
0.00020203404957257903
0.00020412106681762465
0.00020591293970812855
0.00020740133098459462
0.00020857210099717427
0.00020941581286593056
0.0002099282690598075
0.00021009389621928038
0.00020988350847398686
0.00020942159734521008
0.00020826607740446064
0.0002071814222186576
0.00020546745517126928
0.00020325126759656857
0.0002006970019111763
0.00019779815181252905
0.00019448558377012845
0.00019070145935013645
0.00018643514417654905
0.000181708735895166
0.00017654038969387904
0.00017092763008544454
0.00016486413572848235
0.00015835953330299932
0.00015132802781181684
0.00014388624250773633
0.0001358758537119704
0.0001274020171302487
0.00011848195693134389
0.00010904631625874756
0.00009910562975308886
0.00008869147800310385
0.00007781173831464344
0.00006644379913962767
0.00005456378828654484
0.00004217546150961508
0.000029304285155051162
0.000015960112632482286
0.0000021086744427540813
-0.000012204245707118858
-0.00002701848494874808
-0.00004231894334821934
-0.00005807712934997188
-0.00007432853702511696
-0.0000910271557125474
-0.00010818373140304828
-0.0001258207547462234
-0.00014393523746031585
-0.00016249894845856753
-0.00018148878477094356
-0.00020090925472435856
-0.00022077805740961185
-0.00024108469250135633
-0.000261758899663075
-0.0002828267703825925
-0.0003043402662034554
-0.00032616960217777207
-0.00034840601455701396
-0.00037094998489148437
-0.00039380208620205684
-0.00041693429900226814
-0.0004403233794991937
-0.00046396859466908393
-0.0004878722272099654
-0.0005120049865449844
-0.0005362990224315071
-0.0005606878227646695
-0.0005851690741550978
-0.0006098592429131914
-0.0006347639511849681
-0.0006594426659928651
-0.000684451187530777
-0.0007094210144493621
-0.0007344928155051123
-0.0007596458303525306
-0.0007848889779134672
-0.0008102429611630301
-0.0008357181414716643
-0.0008613093118241858
-0.0008869897779424708
-0.0009126770356528421
-0.0009381618760103262
-0.000962986624886703
-0.000985964884409226
-0.001001315075900007
-0.0010347698523995377
-0.001056354295770881
-0.0010792950927653688
-0.0011020194437066932
-0.0011243848482728682
-0.0011463443885777332
-0.001167855168462385
-0.0011888840545642046
-0.0012094039289784883
-0.0012293819453253424
-0.0012487821869079162
-0.0012675809063706542
-0.0012857565100990633
-0.0013031512159207463
-0.0013202580098682173
-0.0013359283610873964
-0.0013513131098109295
-0.0013659837667958487
-0.0013796937808219418
-0.0013924495036117324
-0.001404310655052965
-0.0014153052279501797
-0.0014254014937129754
-0.0014345337828067471
-0.0014426428101375218
-0.0014496894619858342
-0.0014556388784265166
-0.0014604525984648824
-0.0014641828970399606
-0.0014666658846155668
-0.0014680806347285005
-0.0014682286957843958
-0.001467098204114667
-0.0014647396252577855
-0.0014610940283117724
-0.0014560939072945742
-0.00144970959687726
-0.0014419449904053392
-0.0014328002628936777
-0.0014222459879816925
-0.0014102372514276072
-0.0013967512237260816
-0.0013818000157413725
-0.0013653181765312216
-0.001347345789793835
-0.0013278255118092492
-0.0013067324837760085
-0.0012840785649256197
-0.0012597935347423235
-0.0012338827137059897
-0.0012063569273582902
-0.001177197689071976
-0.0011463670916709479
-0.0011138410276697122
-0.0010796240079378326
-0.0010437261941237098
-0.0010061261101755928
-0.0009667635317887604
-0.0009256847643517453
-0.000882918495998183
-0.0008383777085742193
-0.0007921605736094804
-0.0007441833419939553
-0.0006944775931873504
-0.0006430341690470192
-0.0005898553090593001
-0.0005349697114094338
-0.00047840619947495057
-0.00042015994124584415
-0.000360193827771678
-0.00029848250521857697
-0.0002350623195244256
-0.0001700425292825179
-0.00010338094980214793
-0.000034803558235672306
0.000035238931640742895
0.00010707594012879087
0.00018054050242303924
0.0002556484154447086
0.0003323605691914049
0.00041061641302498844
0.0004903531292690623
0.0005715057063083556
0.0006540146981838909
0.0007378644809343076
0.0008231405453395474
0.0009100756347976652
0.0009991255169523097
0.0010908686630513823
0.0011793191367759762
0.0012727067511375237
0.001366413986486589
0.0014613776519693126
0.0015575443545761286
0.0016548710410337366
0.0017533268935786958
0.0018528724232605529
0.001953463941413983
0.002055063703821628
0.002157633905427876
0.002261124510943388
0.002365492132812698
0.002470799238386357
0.0025763787587113804
0.002683806316077387
0.0027910070112332533
0.0028988753382898753
0.0030075822287265967
0.0031169705350010527
0.003226862126154047
0.003337137604032708
0.003447749363123423
0.0035586846727592666
0.0036699241772437095
0.003781430900169499
0.003893162621230581
0.004005068997319991
0.004117018847427513
0.0042290969552812585
0.004340986957133038
0.004452874971464988
0.0045646290031568755
0.004676111094480451
0.004787321190435656
0.004898250645883288
0.005008843030512928
0.005119011943646568
0.005228683132457195
0.005337813707701729
0.005446370040726042
0.005554292681646808
0.005661496812490329
0.00576796641464631
0.0058735699490680224
0.0059783110141329926
0.006082111258469555
0.006184897819658268
0.006286671944478927
0.006387345619565235
0.006486838345635338
0.006585103860654056
0.006682110233001136
0.00677780732891627
0.006872121858808766
0.006964986740374018
0.007056370820370669
0.007146266323246091
0.007234565891333269
0.007321216230297633
0.007406221976095262
0.007489454428533113
0.007570949509429977
0.007650625132259373
0.007728455625313912
0.007804398463316033
0.007878384559320294
0.007950349584623413
0.008020263108536067
0.008088118162719335
0.00815388702813172
0.008217487890744809
0.008278805587277156
0.008337882441695673
0.00839485004649676
0.008449347116667073
0.008501651248281164
0.008551588229674003
0.008599189545463742
0.008644419395103353
0.008687226509963257
0.008727556352149174
0.00876534461582859
0.00880052646986027
0.008833077535597037
0.008863061434550963
0.008890639831444055
0.008916030866705605
0.008939129266275827
0.008957712949424131
0.008975512450863322
0.0089900051234195
0.009001935065181632
0.009011222471768304
0.009017856105584345
0.009021839734532347
0.009023169029018955
0.009021839734532347
0.009017856105584345
0.009011222471768304
0.009001935065181632
0.0089900051234195
0.008975512450863322
0.008957712949424131
0.008939129266275827
0.008916030866705605
0.008890639831444055
0.008863061434550963
0.008833077535597037
0.00880052646986027
0.00876534461582859
0.008727556352149174
0.008687226509963257
0.008644419395103353
0.008599189545463742
0.008551588229674003
0.008501651248281164
0.008449347116667073
0.00839485004649676
0.008337882441695673
0.008278805587277156
0.008217487890744809
0.00815388702813172
0.008088118162719335
0.008020263108536067
0.007950349584623413
0.007878384559320294
0.007804398463316033
0.007728455625313912
0.007650625132259373
0.007570949509429977
0.007489454428533113
0.007406221976095262
0.007321216230297633
0.007234565891333269
0.007146266323246091
0.007056370820370669
0.006964986740374018
0.006872121858808766
0.00677780732891627
0.006682110233001136
0.006585103860654056
0.006486838345635338
0.006387345619565235
0.006286671944478927
0.006184897819658268
0.006082111258469555
0.0059783110141329926
0.0058735699490680224
0.00576796641464631
0.005661496812490329
0.005554292681646808
0.005446370040726042
0.005337813707701729
0.005228683132457195
0.005119011943646568
0.005008843030512928
0.004898250645883288
0.004787321190435656
0.004676111094480451
0.0045646290031568755
0.004452874971464988
0.004340986957133038
0.0042290969552812585
0.004117018847427513
0.004005068997319991
0.003893162621230581
0.003781430900169499
0.0036699241772437095
0.0035586846727592666
0.003447749363123423
0.003337137604032708
0.003226862126154047
0.0031169705350010527
0.0030075822287265967
0.0028988753382898753
0.0027910070112332533
0.002683806316077387
0.0025763787587113804
0.002470799238386357
0.002365492132812698
0.002261124510943388
0.002157633905427876
0.002055063703821628
0.001953463941413983
0.0018528724232605529
0.0017533268935786958
0.0016548710410337366
0.0015575443545761286
0.0014613776519693126
0.001366413986486589
0.0012727067511375237
0.0011793191367759762
0.0010908686630513823
0.0009991255169523097
0.0009100756347976652
0.0008231405453395474
0.0007378644809343076
0.0006540146981838909
0.0005715057063083556
0.0004903531292690623
0.00041061641302498844
0.0003323605691914049
0.0002556484154447086
0.00018054050242303924
0.00010707594012879087
0.000035238931640742895
-0.000034803558235672306
-0.00010338094980214793
-0.0001700425292825179
-0.0002350623195244256
-0.00029848250521857697
-0.000360193827771678
-0.00042015994124584415
-0.00047840619947495057
-0.0005349697114094338
-0.0005898553090593001
-0.0006430341690470192
-0.0006944775931873504
-0.0007441833419939553
-0.0007921605736094804
-0.0008383777085742193
-0.000882918495998183
-0.0009256847643517453
-0.0009667635317887604
-0.0010061261101755928
-0.0010437261941237098
-0.0010796240079378326
-0.0011138410276697122
-0.0011463670916709479
-0.001177197689071976
-0.0012063569273582902
-0.0012338827137059897
-0.0012597935347423235
-0.0012840785649256197
-0.0013067324837760085
-0.0013278255118092492
-0.001347345789793835
-0.0013653181765312216
-0.0013818000157413725
-0.0013967512237260816
-0.0014102372514276072
-0.0014222459879816925
-0.0014328002628936777
-0.0014419449904053392
-0.00144970959687726
-0.0014560939072945742
-0.0014610940283117724
-0.0014647396252577855
-0.001467098204114667
-0.0014682286957843958
-0.0014680806347285005
-0.0014666658846155668
-0.0014641828970399606
-0.0014604525984648824
-0.0014556388784265166
-0.0014496894619858342
-0.0014426428101375218
-0.0014345337828067471
-0.0014254014937129754
-0.0014153052279501797
-0.001404310655052965
-0.0013924495036117324
-0.0013796937808219418
-0.0013659837667958487
-0.0013513131098109295
-0.0013359283610873964
-0.0013202580098682173
-0.0013031512159207463
-0.0012857565100990633
-0.0012675809063706542
-0.0012487821869079162
-0.0012293819453253424
-0.0012094039289784883
-0.0011888840545642046
-0.001167855168462385
-0.0011463443885777332
-0.0011243848482728682
-0.0011020194437066932
-0.0010792950927653688
-0.001056354295770881
-0.0010347698523995377
-0.001001315075900007
-0.000985964884409226
-0.000962986624886703
-0.0009381618760103262
-0.0009126770356528421
-0.0008869897779424708
-0.0008613093118241858
-0.0008357181414716643
-0.0008102429611630301
-0.0007848889779134672
-0.0007596458303525306
-0.0007344928155051123
-0.0007094210144493621
-0.000684451187530777
-0.0006594426659928651
-0.0006347639511849681
-0.0006098592429131914
-0.0005851690741550978
-0.0005606878227646695
-0.0005362990224315071
-0.0005120049865449844
-0.0004878722272099654
-0.00046396859466908393
-0.0004403233794991937
-0.00041693429900226814
-0.00039380208620205684
-0.00037094998489148437
-0.00034840601455701396
-0.00032616960217777207
-0.0003043402662034554
-0.0002828267703825925
-0.000261758899663075
-0.00024108469250135633
-0.00022077805740961185
-0.00020090925472435856
-0.00018148878477094356
-0.00016249894845856753
-0.00014393523746031585
-0.0001258207547462234
-0.00010818373140304828
-0.0000910271557125474
-0.00007432853702511696
-0.00005807712934997188
-0.00004231894334821934
-0.00002701848494874808
-0.000012204245707118858
0.0000021086744427540813
0.000015960112632482286
0.000029304285155051162
0.00004217546150961508
0.00005456378828654484
0.00006644379913962767
0.00007781173831464344
0.00008869147800310385
0.00009910562975308886
0.00010904631625874756
0.00011848195693134389
0.0001274020171302487
0.0001358758537119704
0.00014388624250773633
0.00015132802781181684
0.00015835953330299932
0.00016486413572848235
0.00017092763008544454
0.00017654038969387904
0.000181708735895166
0.00018643514417654905
0.00019070145935013645
0.00019448558377012845
0.00019779815181252905
0.0002006970019111763
0.00020325126759656857
0.00020546745517126928
0.0002071814222186576
0.00020826607740446064
0.00020942159734521008
0.00020988350847398686
0.00021009389621928038
0.0002099282690598075
0.00020941581286593056
0.00020857210099717427
0.00020740133098459462
0.00020591293970812855
0.00020412106681762465
0.00020203404957257903
0.0001996567835180949
0.00019700526756850467
0.00019408990758198894
0.0001909268200462022
0.00508348800911218
